thetaBS_1 <-
c(0.139692805008963, 0.281400188338012, 0.0747830283362419, 0.770605120109394, 
0.749513552524149, 0.120196849107742)
psiBS_1 <-
c(0.543287391075864, 0.412273165769875, 0.215957569191232, 0.772064340533689, 
0.198329898994416, 0.658150583738461)
